{
  "destinations": [
    "Pos Utama IT Del",
    "Asrama Pniel",
    "Auditorium",
    "Perpustakaan IT Del",
    "Gd 7",
    "Jl. PI Del",
    "Plaza",
    "KB",
    "Gd 5",
    "Gd 8",
    "Asrama Kembar",
    "Pos 4",
    "OT"
  ],
 "matrix" : [
    [0, 250, 270, 300, 420, 200, 340, 400, 370, 460, 510, 580, 400],
    [250, 0, 120, 150, 270, 50, 190, 250, 220, 310, 360, 430, 250],
    [270, 120, 0, 30, 150, 70, 70, 130, 100, 190, 240, 310, 130],
    [300, 150, 30, 0, 180, 100, 100, 160, 130, 220, 270, 340, 160],
    [420, 270, 150, 180, 0, 220, 160, 220, 50, 280, 330, 400, 100],
    [200, 50, 70, 100, 220, 0, 140, 200, 170, 260, 310, 380, 230],
    [340, 190, 70, 100, 160, 140, 0, 60, 110, 120, 170, 240, 60],
    [400, 250, 130, 160, 220, 200, 60, 0, 170, 60, 110, 180, 120],
    [370, 220, 100, 130, 50, 170, 110, 170, 0, 230, 280, 350, 50],
    [460, 310, 190, 220, 280, 260, 120, 60, 230, 0, 50, 120, 180],
    [510, 360, 240, 270, 330, 310, 170, 110, 280, 50, 0, 70, 230],
    [580, 430, 310, 340, 400, 380, 240, 180, 350, 120, 70, 0, 300],
    [400, 250, 130, 160, 100, 230, 60, 120, 50, 180, 230, 300, 0]
],
  "edges": [
    ["Pos Utama IT Del", "Jl. PI Del"],
    ["Jl. PI Del", "Auditorium"],
    ["Auditorium", "Perpustakaan IT Del"],
    ["Auditorium", "KB"],
    ["Auditorium", "Gd 5"],
    ["Auditorium", "Plaza"],
    ["Jl. PI Del", "Asrama Pniel"],
    ["Jl. PI Del", "Gd 7"],
    ["Gd 7", "Gd 5"],
    ["Plaza", "OT"],
    ["KB", "Gd 8"],
    ["KB", "Plaza"],
    ["Gd 5", "OT"],
    ["Gd 8", "OT"],
    ["Gd 8", "Asrama Kembar"],
    ["Asrama Kembar", "Pos 4"],
    ["Perpustakaan IT Del", "Auditorium"],
    ["Perpustakaan IT Del", "KB"]
  ]
}
